279 401
496 713
498 701
442 633
487 700
495 705
403 388
403 386
398 393
398 395
400 395
401 396
401 396
403 401
403 405
403 418
401 438
401 446
401 468
401 478
398 508
398 536
398 546
401 565
401 576
403 578
404 573
406 563
406 556
406 543
407 526
407 518
414 493
417 485
428 466
434 460
446 455
457 456
465 458
471 470
473 478
476 493
478 500
478 516
478 526
476 545
478 565
481 571
489 585
495 588
509 591
517 591
534 591
551 585
559 580
573 563
585 548
582 531
600 520
603 513
603 498
596 486
592 483
576 481
570 485
562 496
557 513
554 523
553 545
553 555
556 573
559 581
565 593
578 600
582 596
596 601
609 600
628 590
639 590
654 583
667 573
673 565
679 550
679 545
676 543
673 545
673 545
673 555
675 563
